name: spotify
channels:
  - conda-forge
  - defaults
dependencies:
  - asttokens=2.0.5=pyhd8ed1ab_0
  - backcall=0.2.0=pyh9f0ad1d_0
  - backports=1.0=py_2
  - backports.functools_lru_cache=1.6.4=pyhd8ed1ab_0
  - black=22.1.0=pyhd8ed1ab_0
  - bzip2=1.0.8=h8ffe710_4
  - ca-certificates=2021.10.8=h5b45459_0
  - click=8.0.3=py310h5588dad_1
  - colorama=0.4.4=pyh9f0ad1d_0
  - dataclasses=0.8=pyhc8e2a94_3
  - debugpy=1.5.1=py310h8a704f9_0
  - decorator=5.1.1=pyhd8ed1ab_0
  - entrypoints=0.4=pyhd8ed1ab_0
  - executing=0.8.2=pyhd8ed1ab_0
  - intel-openmp=2022.0.0=h57928b3_3663
  - ipykernel=6.9.0=py310hbbfc1a7_0
  - ipython=8.0.1=py310h5588dad_0
  - jedi=0.18.1=py310h5588dad_0
  - jupyter_client=7.1.2=pyhd8ed1ab_0
  - jupyter_core=4.9.1=py310h5588dad_1
  - libblas=3.9.0=13_win64_mkl
  - libcblas=3.9.0=13_win64_mkl
  - libffi=3.4.2=h8ffe710_5
  - liblapack=3.9.0=13_win64_mkl
  - libsodium=1.0.18=h8d14728_1
  - libzlib=1.2.11=h8ffe710_1013
  - logzero=1.7.0=py310h5588dad_1
  - matplotlib-inline=0.1.3=pyhd8ed1ab_0
  - mkl=2022.0.0=h0e2418a_796
  - mypy_extensions=0.4.3=py310h5588dad_4
  - nest-asyncio=1.5.4=pyhd8ed1ab_0
  - numpy=1.22.2=py310hcae7c84_0
  - openssl=3.0.0=h8ffe710_2
  - pandas=1.4.0=py310hf5e1058_0
  - parso=0.8.3=pyhd8ed1ab_0
  - pathspec=0.9.0=pyhd8ed1ab_0
  - pickleshare=0.7.5=py_1003
  - pip=22.0.3=pyhd8ed1ab_0
  - platformdirs=2.4.1=pyhd8ed1ab_1
  - prompt-toolkit=3.0.26=pyha770c72_0
  - pure_eval=0.2.2=pyhd8ed1ab_0
  - pygments=2.11.2=pyhd8ed1ab_0
  - python=3.10.2=hcf16a7b_3_cpython
  - python-dateutil=2.8.2=pyhd8ed1ab_0
  - python_abi=3.10=2_cp310
  - pytz=2021.3=pyhd8ed1ab_0
  - pywin32=303=py310he2412df_0
  - pyzmq=22.3.0=py310h73ada01_1
  - setuptools=60.8.1=py310h5588dad_0
  - six=1.16.0=pyh6c4a22f_0
  - sqlite=3.37.0=h8ffe710_0
  - stack_data=0.1.4=pyhd8ed1ab_0
  - tbb=2021.5.0=h2d74725_0
  - tk=8.6.11=h8ffe710_1
  - tomli=2.0.1=pyhd8ed1ab_0
  - tornado=6.1=py310he2412df_2
  - traitlets=5.1.1=pyhd8ed1ab_0
  - typed-ast=1.5.2=py310he2412df_0
  - typing_extensions=4.0.1=pyha770c72_0
  - tzdata=2021e=he74cb21_0
  - ucrt=10.0.20348.0=h57928b3_0
  - vc=14.2=hb210afc_6
  - vs2015_runtime=14.29.30037=h902a5da_6
  - wcwidth=0.2.5=pyh9f0ad1d_2
  - wheel=0.37.1=pyhd8ed1ab_0
  - xz=5.2.5=h62dcd97_1
  - zeromq=4.3.4=h0e60522_1
  - pip:
    - appdirs==1.4.4
    - attrs==21.4.0
    - cattrs==1.10.0
    - certifi==2021.10.8
    - charset-normalizer==2.0.11
    - idna==3.3
    - requests==2.27.1
    - requests-cache==0.9.1
    - spotipy==2.19.0
    - url-normalize==1.4.3
    - urllib3==1.26.8
prefix: C:\Users\maxli\anaconda3\envs\spotify
